0	2
1	4
2	2
3	12
4	6
5	6
6	20
7	6
8	2
9	2
10	4
11	2
12	4
13	10
14	8
15	2
16	4
17	8
18	4
19	4
20	2
21	6
22	14
23	8
24	4
25	2
26	8
27	2
28	14
29	4
30	2
31	2
32	2
33	18
34	6
35	2
36	10
37	2
38	4
39	18
40	14
41	2
42	6
43	4
44	2
45	12
46	8
47	4
48	2
49	2
50	6
51	16
52	2
53	10
54	6
55	2
56	6
57	4
58	8
59	20
60	2
61	4
62	2
63	4
64	2
65	6
66	6
67	4
68	10
69	8
70	4
71	6
72	2
73	4
74	2
75	4
76	2
77	2
78	8
79	8
80	2
81	2
82	8
83	2
84	4
85	2
86	2
87	6
88	2
89	6
90	6
91	2
92	2
93	8
94	12
95	4
96	8
97	16
98	14
99	6
